B = binary(np.arccos(.3),5.,1e3,np.arccos(-.2),4.,m1=.23,m2=.23,freq=10e-3,mP=5,P=2,theta_P=pi/2,phi_P=pi/2,T_obs=4)

# 0: K, 1: P, 2: phi_0, 3: f_0, 4: ln(A), 5: theta_S_Ec, 6: phi_S_Ec, 7: theta_L, 8: phi_L

Fisher mat (l):
[[ 6.84162681e+15,  1.27514411e+02, -2.16485628e+08, 2.97509370e+18,  2.86264707e+06, -1.91990430e+10, -1.26610993e+10,  1.47461753e+10,  7.06489260e+09],
[ 1.27514411e+02,  1.46076660e-11, -1.00147822e-04, 9.21983563e+04, -3.92704967e-07, -4.42718335e-04, -6.62314061e-04,  3.05810785e-04,  1.46567797e-04],
[-2.16485628e+08, -1.00147822e-04,  1.00392578e+03, -3.21649452e+11, -1.57469501e-01, -9.99287111e+01, 1.09711875e+01,  4.67096748e+02, -8.03315798e+00],
[ 2.97509370e+18,  9.21983563e+04, -3.21649452e+11, 2.43245074e+21,  5.94288319e+09, -8.04259145e+12, -1.01007573e+13,  9.19115263e+12,  4.29120108e+12],
[ 2.86264707e+06, -3.92704967e-07, -1.57469501e-01, 5.94288319e+09,  1.17907708e+04,  7.16663868e+03, -1.94768798e+04, -6.05861551e+03,  1.26426796e+04],
[-1.91990430e+10, -4.42718335e-04, -9.99287111e+01, -8.04259145e+12,  7.16663868e+03,  7.10045005e+05, -4.54637146e+04, -7.67761154e+04, -3.21179034e+04],
[-1.26610993e+10, -6.62314061e-04,  1.09711875e+01, -1.01007573e+13, -1.94768798e+04, -4.54637146e+04,  3.74173021e+06, -5.22526619e+04, -6.58838947e+03],
[ 1.47461753e+10,  3.05810785e-04,  4.67096748e+02,  9.19115263e+12, -6.05861551e+03, -7.67761154e+04, -5.22526619e+04,  5.74558345e+04,  1.55489246e+04],
[ 7.06489260e+09,  1.46567797e-04, -8.03315798e+00,  4.29120108e+12,  1.26426796e+04, -3.21179034e+04, -6.58838947e+03,  1.55489246e+04,  2.91226477e+04]]

inv(F):
[[ 4.12692901e-16, -1.64253770e-03, -1.02962982e-10, -1.64360181e-19,  2.67954170e-11, -1.14006081e-13, -3.84497921e-14, -5.36682629e-11, -5.07718078e-11],
[-1.64253770e-03,  4.41495350e+11,  4.53595145e+04,  1.51935035e-06, -9.16734218e+02, -2.37250400e+01,  3.52649459e+01, -2.55814546e+03, -2.89238048e+02],
[-1.02962982e-10,  4.53595145e+04,  5.91470638e-03,  7.41384119e-13, -1.22324054e-04, -8.30372239e-06,  3.42616148e-06, -3.86347865e-04, -5.99211969e-05],
[-1.64360181e-19,  1.51935035e-06,  7.41384119e-13,  1.64355905e-21,  2.70244566e-14, -1.39338900e-14,  8.73622896e-16, -2.17158689e-13, -1.20704565e-13],
[ 2.67954170e-11, -9.16734218e+02, -1.22324054e-04,  2.70244566e-14,  3.77464899e-04, -3.19088474e-06,  2.83430777e-06,  9.29412077e-05, -2.22267141e-04],
[-1.14006081e-13, -2.37250400e+01, -8.30372239e-06, -1.39338900e-14, -3.19088474e-06,  1.81709240e-06,  1.95472244e-08,  3.56307270e-06,  3.68917533e-06],
[-3.84497921e-14,  3.52649459e+01,  3.42616148e-06,  8.73622896e-16,  2.83430777e-06,  1.95472244e-08,  2.97912252e-07,  7.47490706e-07, -1.83650108e-06],
[-5.36682629e-11, -2.55814546e+03, -3.86347865e-04, -2.17158689e-13,  9.29412077e-05,  3.56307270e-06,  7.47490706e-07,  1.07640084e-04, -3.59335464e-05],
[-5.07718078e-11, -2.89238048e+02, -5.99211969e-05, -1.20704565e-13, -2.22267141e-04,  3.68917533e-06, -1.83650108e-06, -3.59335464e-05,  1.85207947e-04]]

corr = inv(F) / np.outer(best_fit,best_fit)
[[ 1.04938198e-03, -4.14987183e-05, -1.04523642e-04, -2.62089676e-11, -8.63712760e-07, -5.78670634e-08, -9.75814863e-09, -2.72408696e-05, -1.28853453e-05],
[-4.14987183e-05,  1.10830223e-04,  4.57524714e-04,  2.40726536e-12,  2.93606046e-07, -1.19652869e-07,  8.89261296e-08, -1.29015354e-05, -7.29359411e-07],
[-1.04523642e-04,  4.57524714e-04,  2.39714021e-03,  4.71979789e-11,  1.57415504e-06, -1.68268596e-06,  3.47142736e-07, -7.82904460e-05, -6.07128660e-06],
[-2.62089676e-11,  2.40726536e-12,  4.71979789e-11,  1.64355905e-17, -5.46276459e-14, -4.43529493e-13,  1.39041402e-14, -6.91237576e-12, -1.92107282e-12],
[-8.63712760e-07,  2.93606046e-07,  1.57415504e-06, -5.46276459e-14,  1.54236656e-07,  2.05313147e-08, -9.11848427e-09, -5.98017584e-07,  7.15073872e-07],
[-5.78670634e-08, -1.19652869e-07, -1.68268596e-06, -4.43529493e-13,  2.05313147e-08,  1.84109953e-07,  9.90273954e-10,  3.61014744e-07,  1.86895806e-07],
[-9.75814863e-09,  8.89261296e-08,  3.47142736e-07,  1.39041402e-14, -9.11848427e-09,  9.90273954e-10,  7.54620550e-09,  3.78683215e-08, -4.65191159e-08],
[-2.72408696e-05, -1.29015354e-05, -7.82904460e-05, -6.91237576e-12, -5.98017584e-07,  3.61014744e-07,  3.78683215e-08,  1.09062208e-05, -1.82041472e-06],
[-1.28853453e-05, -7.29359411e-07, -6.07128660e-06, -1.92107282e-12,  7.15073872e-07,  1.86895806e-07, -4.65191159e-08, -1.82041472e-06,  4.69137210e-06]]

unc:
[2.03148443e-08, 6.64451165e+05, 7.69071283e-02, 4.05408318e-11, 1.94284559e-02, 1.34799570e-03, 5.45813386e-04, 1.03749739e-02, 1.36091126e-02]

rel_unc:
[ 3.23941658e-02,  1.05275934e-02,  7.69071283e-02,  4.05408318e-09, -3.92729750e-04,  4.29080357e-04,  8.68688983e-05,  3.30245678e-03, 2.16595755e-03]

 ---

reduced corr (m):
[[ 1.00171945e-03, -3.57984667e-05, -1.85756475e-05, -6.47519878e-07, -4.35798030e-08, -4.20964220e-05, -1.15747675e-05],
[-3.57984667e-05,  1.09887156e-04,  4.47222798e-04, -9.20004356e-08,  1.04651218e-07, -1.06733315e-05, -1.83544851e-06],
[-1.85756475e-05,  4.47222798e-04,  2.24215149e-03, -6.23139338e-07,  4.09154221e-07, -5.14624834e-05, -8.51768396e-06],
[-6.47519878e-07, -9.20004356e-08, -6.23139338e-07,  1.69783470e-07,  2.48776061e-09,  2.51296825e-07,  4.73866910e-08],
[-4.35798030e-08,  1.04651218e-07,  4.09154221e-07,  2.48776061e-09,  7.00017887e-09,  7.14592156e-09, -3.15940719e-09],
[-4.20964220e-05, -1.06733315e-05, -5.14624834e-05,  2.51296825e-07,  7.14592156e-09,  5.49585121e-06,  2.28340733e-07],
[-1.15747675e-05, -1.83544851e-06, -8.51768396e-06,  4.73866910e-08, -3.15940719e-09,  2.28340733e-07,  1.20669704e-06]]

rel_unc:
[3.16499519e-02, 1.04827075e-02, 7.43793457e-02, 4.12047898e-04, 8.36670716e-05, 2.34432319e-03, 1.09849763e-03]

 ---

reduced corr (s):
[[ 5.82505837e-04, -1.32769186e-04, -7.57159933e-04],
[-1.32769186e-04,  8.46298498e-05,  5.14886332e-04],
[-7.57159933e-04,  5.14886332e-04,  4.13549118e-03]]

rel_unc:
[0.02413516, 0.00919945, 0.06430778]

 ---

Tamanini:
~ [0.02547771, 0.01019108, 0.07643312]

l:
[ 3.23941658e-02,  1.05275934e-02,  7.69071283e-02]

m:
[3.16499519e-02, 1.04827075e-02, 7.43793457e-02]

s:
[0.02413516, 0.00919945, 0.06430778]
